0.0122860798235
0.0136738350475
0.0150615902715
0.0164493454955
0.0178371007195
0.0192248559435
0.0206126111675
0.0220003663915
0.0233881216155
0.0247758768395
0.0261636320635
0.0275513872875
0.0289391425115
0.0303268977355
0.0317146529595
0.0331024081835
0.0344901634075
0.0358779186315
0.0372656738555
0.0386534290795
0.0400411843035
0.0414289395275
0.0428166947515
0.0442044499755
0.0455922051995
0.0469799604235
0.0483677156475
0.0497554708715
0.0511432260955
0.0525309813195
0.0539187365434
0.0553064917674
0.0566942469914
0.0580820022154
0.0594697574394
0.0608575126634
0.0622452678874
0.0636330231114
0.0650207783354
0.0664085335594
0.0677962887834
0.0691840440074
0.0705717992314
0.0719595544554
0.0733473096794
0.0747350649034
0.0761228201274
0.0775105753514
0.0788983305754
0.0802860857994
0.0816738410234
0.0830615962474
0.0844493514714
0.0858371066954
0.0872248619194
0.0886126171434
0.0900003723674
0.0913881275914
0.0927758828154
0.0941636380394
0.0955513932634
0.0969391484874
0.0983269037114
0.0997146589354
0.101102414159
0.102490169383
0.103877924607
0.105265679831
0.106653435055
0.108041190279
0.109428945503
0.110816700727
0.112204455951
0.113592211175
0.114979966399
0.116367721623
0.117755476847
0.119143232071
0.120530987295
0.121918742519
0.123306497743
0.124694252967
0.126082008191
0.127469763415
0.128857518639
0.130245273863
0.131633029087
0.133020784311
0.134408539535
0.135796294759
0.137184049983
0.138571805207
0.139959560431
0.141347315655
0.142735070879
0.144122826103
0.145510581327
0.146898336551
0.148286091775
0.149673846999
0.151061602223
0.152449357447
0.153837112671
0.155224867895
0.156612623119
0.158000378343
0.159388133567
0.160775888791
0.162163644015
0.163551399239
0.164939154463
0.166326909687
0.167714664911
0.169102420135
0.170490175359
0.171877930583
0.173265685807
0.174653441031
0.176041196255
0.177428951479
0.178816706703
0.180204461927
0.181592217151
0.182979972375
0.184367727599
0.185755482823
0.187143238047
0.188530993271
0.189918748495
0.191306503719
0.192694258943
0.194082014167
0.195469769391
0.196857524615
0.198245279839
0.199633035063
0.201020790287
0.202408545511
0.203796300735
0.205184055959
0.206571811183
0.207959566407
0.209347321631
0.210735076855
0.212122832079
0.213510587303
0.214898342527
0.216286097751
0.217673852975
0.219061608199
0.220449363423
0.221837118647
0.223224873871
0.224612629095
0.226000384319
0.227388139543
0.228775894767
0.230163649991
0.231551405215
0.232939160439
0.234326915663
0.235714670887
0.237102426111
0.238490181335
0.239877936559
0.241265691783
0.242653447007
0.244041202231
0.245428957455
0.246816712679
0.248204467903
0.249592223127
0.250979978351
0.252367733575
0.253755488799
0.255143244023
0.256530999247
0.257918754471
0.259306509695
0.260694264919
0.262082020143
0.263469775367
0.264857530591
0.266245285815
0.267633041039
0.269020796263
0.270408551487
0.271796306711
0.273184061935
0.274571817159
0.275959572383
0.277347327607
0.278735082831
0.280122838055
0.281510593279
0.282898348503
0.284286103727
0.285673858951
0.287061614175
0.288449369399
0.289837124623
0.291224879847
0.292612635071
0.294000390295
0.295388145519
0.296775900743
0.298163655967
0.299551411191
0.300939166415
0.302326921639
0.303714676863
0.305102432087
0.306490187311
0.307877942535
0.309265697759
0.310653452983
0.312041208207
0.313428963431
0.314816718655
0.316204473879
0.317592229103
0.318979984327
0.320367739551
0.321755494775
0.323143249999
0.324531005223
0.325918760447
0.327306515671
0.328694270895
0.330082026119
0.331469781343
0.332857536567
0.334245291791
0.335633047015
0.337020802239
0.338408557463
0.339796312687
0.341184067911
0.342571823135
0.343959578359
0.345347333583
0.346735088807
0.348122844031
0.349510599255
0.350898354479
0.352286109703
0.353673864927
0.355061620151
0.356449375375
0.357837130599
0.359224885823
0.360612641047
0.362000396271
0.363388151495
0.364775906719
0.366163661943
0.367551417167
0.368939172391
0.370326927615
0.371714682839
0.373102438063
0.374490193287
0.375877948511
0.377265703735
0.378653458959
0.380041214183
0.381428969407
0.382816724631
0.384204479855
0.385592235079
0.386979990303
0.388367745527
0.389755500751
0.391143255975
0.392531011199
0.393918766423
0.395306521647
0.396694276871
0.398082032095
0.399469787319
0.400857542543
0.402245297767
0.403633052991
0.405020808215
0.406408563439
0.407796318663
0.409184073887
0.410571829111
0.411959584335
0.413347339559
0.414735094783
0.416122850007
0.417510605231
0.418898360455
0.420286115679
0.421673870903
0.423061626127
0.424449381351
0.425837136575
0.427224891799
0.428612647023
0.430000402247
0.431388157471
0.432775912695
0.434163667919
0.435551423143
0.436939178367
0.438326933591
0.439714688815
0.441102444039
0.442490199263
0.443877954487
0.445265709711
0.446653464935
0.448041220159
0.449428975383
0.450816730607
0.452204485831
0.453592241055
0.454979996279
0.456367751503
0.457755506727
0.459143261951
0.460531017175
0.461918772399
0.463306527623
0.464694282847
0.466082038071
0.467469793295
0.468857548519
0.470245303743
0.471633058967
0.473020814191
0.474408569415
0.475796324639
0.477184079863
0.478571835087
0.479959590311
0.481347345535
0.482735100759
0.484122855983
0.485510611207
0.486898366431
0.488286121655
0.489673876879
0.491061632103
0.492449387327
0.493837142551
0.495224897775
0.496612652999
0.498000408223
0.499388163447
0.500775918671
0.502163673895
0.503551429119
0.504939184343
0.506326939567
0.507714694791
0.509102450015
0.510490205239
0.511877960463
0.513265715687
0.514653470911
0.516041226135
0.517428981359
0.518816736583
0.520204491807
0.521592247031
0.522980002255
0.524367757479
0.525755512703
0.527143267927
0.528531023151
0.529918778375
0.531306533599
0.532694288823
0.534082044047
0.535469799271
0.536857554495
0.538245309719
0.539633064943
0.541020820167
0.542408575391
0.543796330615
0.545184085839
0.546571841063
0.547959596287
0.549347351511
0.550735106735
0.552122861959
0.553510617183
0.554898372407
0.556286127631
0.557673882855
0.559061638079
0.560449393303
0.561837148527
0.563224903751
0.564612658975
0.566000414199
0.567388169423
0.568775924647
0.570163679871
0.571551435095
0.572939190319
0.574326945543
0.575714700767
0.577102455991
0.578490211215
0.579877966439
0.581265721663
0.582653476887
0.584041232111
0.585428987335
0.586816742559
0.588204497783
0.589592253007
0.590980008231
0.592367763455
0.593755518679
0.595143273903
0.596531029127
0.597918784351
0.599306539575
0.600694294799
0.602082050023
0.603469805247
0.604857560471
0.606245315695
0.607633070919
0.609020826143
0.610408581367
0.611796336591
0.613184091815
0.614571847039
0.615959602263
0.617347357487
0.618735112711
0.620122867935
0.621510623159
0.622898378383
0.624286133607
0.625673888831
0.627061644055
0.628449399279
0.629837154503
0.631224909727
0.632612664951
0.634000420175
0.635388175399
0.636775930623
0.638163685847
0.639551441071
0.640939196295
0.642326951519
0.643714706743
0.645102461967
0.646490217191
0.647877972415
0.649265727639
0.650653482863
0.652041238087
0.653428993311
0.654816748535
0.656204503759
0.657592258983
0.658980014207
0.660367769431
0.661755524655
0.663143279879
0.664531035103
0.665918790327
0.667306545551
0.668694300775
0.670082055999
0.671469811223
0.672857566447
0.674245321671
0.675633076895
0.677020832119
0.678408587343
0.679796342567
0.681184097791
0.682571853015
0.683959608239
0.685347363463
0.686735118687
0.688122873911
0.689510629135
0.690898384359
0.692286139583
0.693673894807
0.695061650031
0.696449405255
0.697837160479
0.699224915703
0.700612670927
0.702000426151
0.703388181375
0.704775936599
0.706163691823
0.707551447047
0.708939202271
0.710326957495
0.711714712719
0.713102467943
0.714490223167
0.715877978391
0.717265733615
0.718653488839
0.720041244063
0.721428999287
0.722816754511
0.724204509735
0.725592264959
0.726980020183
0.728367775407
0.729755530631
0.731143285855
0.732531041079
0.733918796303
0.735306551526
0.73669430675
0.738082061974
0.739469817198
0.740857572422
0.742245327646
0.74363308287
0.745020838094
0.746408593318
0.747796348542
0.749184103766
0.75057185899
0.751959614214
0.753347369438
0.754735124662
0.756122879886
0.75751063511
0.758898390334
0.760286145558
0.761673900782
0.763061656006
0.76444941123
0.765837166454
0.767224921678
0.768612676902
0.770000432126
0.77138818735
0.772775942574
0.774163697798
0.775551453022
0.776939208246
0.77832696347
0.779714718694
0.781102473918
0.782490229142
0.783877984366
0.78526573959
0.786653494814
0.788041250038
0.789429005262
0.790816760486
0.79220451571
0.793592270934
0.794980026158
0.796367781382
0.797755536606
0.79914329183
0.800531047054
0.801918802278
0.803306557502
0.804694312726
0.80608206795
0.807469823174
0.808857578398
0.810245333622
0.811633088846
0.81302084407
0.814408599294
0.815796354518
0.817184109742
0.818571864966
0.81995962019
0.821347375414
0.822735130638
0.824122885862
0.825510641086
0.82689839631
0.828286151534
0.829673906758
0.831061661982
0.832449417206
0.83383717243
0.835224927654
0.836612682878
0.838000438102
0.839388193326
0.84077594855
0.842163703774
0.843551458998
0.844939214222
0.846326969446
0.84771472467
0.849102479894
0.850490235118
0.851877990342
0.853265745566
0.85465350079
0.856041256014
0.857429011238
0.858816766462
0.860204521686
0.86159227691
0.862980032134
0.864367787358
0.865755542582
0.867143297806
0.86853105303
0.869918808254
0.871306563478
0.872694318702
0.874082073926
0.87546982915
0.876857584374
0.878245339598
0.879633094822
0.881020850046
0.88240860527
0.883796360494
0.885184115718
0.886571870942
0.887959626166
0.88934738139
0.890735136614
0.892122891838
0.893510647062
0.894898402286
0.89628615751
0.897673912734
0.899061667958
0.900449423182
0.901837178406
0.90322493363
0.904612688854
0.906000444078
0.907388199302
0.908775954526
0.91016370975
0.911551464974
0.912939220198
0.914326975422
0.915714730646
0.91710248587
0.918490241094
0.919877996318
0.921265751542
0.922653506766
0.92404126199
0.925429017214
0.926816772438
0.928204527662
0.929592282886
0.93098003811
0.932367793334
0.933755548558
0.935143303782
0.936531059006
0.93791881423
0.939306569454
0.940694324678
0.942082079902
0.943469835126
0.94485759035
0.946245345574
0.947633100798
0.949020856022
0.950408611246
0.95179636647
0.953184121694
0.954571876918
0.955959632142
0.957347387366
0.95873514259
0.960122897814
0.961510653038
0.962898408262
0.964286163486
0.96567391871
0.967061673934
0.968449429158
0.969837184382
0.971224939606
0.97261269483
0.974000450054
0.975388205278
0.976775960502
0.978163715726
0.97955147095
0.980939226174
0.982326981398
0.983714736622
0.985102491846
0.98649024707
0.987878002294
0.989265757518
0.990653512742
0.992041267966
0.99342902319
0.994816778414
0.996204533638
0.997592288862
0.998980044086
1.00036779931
1.00175555453
1.00314330976
1.00453106498
1.00591882021
1.00730657543
1.00869433065
1.01008208588
1.0114698411
1.01285759633
1.01424535155
1.01563310677
1.017020862
1.01840861722
1.01979637245
1.02118412767
1.02257188289
1.02395963812
1.02534739334
1.02673514857
1.02812290379
1.02951065901
1.03089841424
1.03228616946
1.03367392469
1.03506167991
1.03644943513
1.03783719036
1.03922494558
1.04061270081
1.04200045603
1.04338821125
1.04477596648
1.0461637217
1.04755147693
1.04893923215
1.05032698737
1.0517147426
1.05310249782
1.05449025305
1.05587800827
1.05726576349
1.05865351872
1.06004127394
1.06142902917
1.06281678439
1.06420453961
1.06559229484
1.06698005006
1.06836780529
1.06975556051
1.07114331573
1.07253107096
1.07391882618
1.07530658141
1.07669433663
1.07808209185
1.07946984708
1.0808576023
1.08224535753
1.08363311275
1.08502086797
1.0864086232
1.08779637842
1.08918413365
1.09057188887
1.09195964409
1.09334739932
1.09473515454
1.09612290977
1.09751066499
1.09889842021
1.10028617544
1.10167393066
1.10306168589
1.10444944111
1.10583719633
1.10722495156
1.10861270678
1.11000046201
1.11138821723
1.11277597245
1.11416372768
1.1155514829
1.11693923813
1.11832699335
1.11971474857
1.1211025038
1.12249025902
1.12387801425
1.12526576947
1.12665352469
1.12804127992
1.12942903514
1.13081679037
1.13220454559
1.13359230081
1.13498005604
1.13636781126
1.13775556649
1.13914332171
1.14053107693
1.14191883216
1.14330658738
1.14469434261
1.14608209783
1.14746985305
1.14885760828
1.1502453635
1.15163311873
1.15302087395
1.15440862917
1.1557963844
1.15718413962
1.15857189485
1.15995965007
1.16134740529
1.16273516052
1.16412291574
1.16551067097
1.16689842619
1.16828618141
1.16967393664
1.17106169186
1.17244944709
1.17383720231
1.17522495753
1.17661271276
1.17800046798
1.17938822321
1.18077597843
1.18216373365
1.18355148888
1.1849392441
1.18632699933
1.18771475455
1.18910250977
1.190490265
1.19187802022
1.19326577545
1.19465353067
1.19604128589
1.19742904112
1.19881679634
1.20020455157
1.20159230679
1.20298006201
1.20436781724
1.20575557246
1.20714332769
1.20853108291
1.20991883813
1.21130659336
1.21269434858
1.21408210381
1.21546985903
1.21685761425
1.21824536948
1.2196331247
1.22102087993
1.22240863515
1.22379639037
1.2251841456
1.22657190082
1.22795965605
1.22934741127
1.23073516649
1.23212292172
1.23351067694
1.23489843217
1.23628618739
1.23767394261
1.23906169784
1.24044945306
1.24183720829
1.24322496351
1.24461271873
1.24600047396
1.24738822918
1.24877598441
1.25016373963
1.25155149485
1.25293925008
1.2543270053
1.25571476053
1.25710251575
1.25849027097
1.2598780262
1.26126578142
1.26265353665
1.26404129187
1.26542904709
1.26681680232
1.26820455754
1.26959231277
1.27098006799
1.27236782321
1.27375557844
1.27514333366
1.27653108889
1.27791884411
1.27930659933
1.28069435456
1.28208210978
1.28346986501
1.28485762023
1.28624537545
1.28763313068
1.2890208859
1.29040864113
1.29179639635
1.29318415157
1.2945719068
1.29595966202
1.29734741725
1.29873517247
1.30012292769
1.30151068292
1.30289843814
1.30428619337
1.30567394859
1.30706170381
1.30844945904
1.30983721426
1.31122496949
1.31261272471
1.31400047993
1.31538823516
1.31677599038
1.31816374561
1.31955150083
1.32093925605
1.32232701128
1.3237147665
1.32510252173
1.32649027695
1.32787803217
1.3292657874
1.33065354262
1.33204129785
1.33342905307
1.33481680829
1.33620456352
1.33759231874
1.33898007397
1.34036782919
1.34175558441
1.34314333964
1.34453109486
1.34591885009
1.34730660531
1.34869436053
1.35008211576
1.35146987098
1.35285762621
1.35424538143
1.35563313665
1.35702089188
1.3584086471
1.35979640233
1.36118415755
1.36257191277
1.363959668
1.36534742322
1.36673517845
1.36812293367
1.36951068889
1.37089844412
1.37228619934
1.37367395457
1.37506170979
1.37644946501
1.37783722024
1.37922497546
1.38061273069
1.38200048591
1.38338824113
1.38477599636
1.38616375158
1.38755150681
1.38893926203
1.39032701725
1.39171477248
1.3931025277
1.39449028293
1.39587803815
1.39726579337
1.3986535486
1.40004130382
1.40142905905
1.40281681427
1.40420456949
1.40559232472
1.40698007994
1.40836783517
1.40975559039
1.41114334561
1.41253110084
1.41391885606
1.41530661129
1.41669436651
1.41808212173
1.41946987696
1.42085763218
1.42224538741
1.42363314263
1.42502089785
1.42640865308
1.4277964083
1.42918416353
1.43057191875
1.43195967397
